
----------------------------------------------------------------------------------------------------------
TEMEL DURUM GÜÇ AKIÞI
----------------------------------------------------------------------------------------------------------
    From Bus  To Bus             From Name               To Name  ID  Power Flow(%)  Power Flow(MVA)   RATEA
0     210110  210121      TEPEOREN A-OTR-2      TEPEOREN A-OTR-2  1           79.85         199.6250   250.0
1     210110  210121      TEPEOREN A-OTR-1      TEPEOREN A-OTR-1  2           79.39         198.4750   250.0
2     210211  210222       PASAKOY B-OTR-3       PASAKOY B-OTR-3  2           72.35         180.8750   250.0
3     210221  212021          PASAKOY               DUDULLU       1           68.31         245.9160   360.0
4     210021  210721          UMRANIYE              SELIMIYE      1           57.21         143.0250   250.0
5     210122  211822          210122                211822        1           56.69         141.7250   250.0
6     210110  217711          TEPEOREN              ATASEHIR      1           55.64         549.1668   987.0
7     211421  211521          211421                211521        1           54.25         135.6250   250.0
8     211222  211621          KARTAL                211621        1           51.41         185.0760   360.0
9     210211  210221       PASAKOY B-OTR-4       PASAKOY B-OTR-4  1           50.79          76.1850   150.0
10    210010  217710          UMRANIYE              ATASEHIR      1           50.70         500.4090   987.0
11    211211  211221        KARTAL B-OTR-4        KARTAL B-OTR-4  1           50.15         125.3750   250.0
12    210121  211821          210121                211821        2           48.41         121.0250   250.0
13    210911  210921    KBAKKALKOY A-OTR-2    KBAKKALKOY A-OTR-2  1           48.13         120.3250   250.0
14    210111  210122      TEPEOREN B-OTR-3      TEPEOREN B-OTR-3  1           48.09         120.2250   250.0
15    210111  210122      TEPEOREN B-OTR-4      TEPEOREN B-OTR-4  2           47.06         117.6500   250.0
16    210010  210021     UMRANIYE B-OTR-12     UMRANIYE B-OTR-12  2           46.49          69.7350   150.0
17    210111  210311          210111                ADAPAZARI     1           45.96         625.0560  1360.0
18    210110  214211          TEPEOREN              KOCAELI       1           45.48         618.5280  1360.0
19    211522  214321          211522                214321        1           45.46         152.7456   336.0
20    210121  211821          210121                211821        1           44.91         112.2750   250.0
21    211210  211222        KARTAL A-OTR-2        KARTAL A-OTR-2  1           43.69         109.2250   250.0
22    210010  210021     UMRANIYE B-OTR-13     UMRANIYE B-OTR-13  1           43.52         108.8000   250.0
23    210210  210221       PASAKOY A-OTR-1       PASAKOY A-OTR-1  2           43.01         107.5250   250.0
24    210210  210221       PASAKOY A-OTR-2       PASAKOY A-OTR-2  1           42.83         107.0750   250.0
25    210910  210922    KBAKKALKOY B-OTR-4    KBAKKALKOY B-OTR-4  1           41.60         104.0000   250.0
26    219110  219121  COLAKOGLU400 A-OTR-2  COLAKOGLU400 A-OTR-2  2           41.11         102.7750   250.0
27    219110  219121  COLAKOGLU400 A-OTR-1  COLAKOGLU400 A-OTR-1  1           40.94         102.3500   250.0
28    210010  210110          UMRANIYE              TEPEOREN      1           39.11         531.8960  1360.0
29    120911  210210          ZEKERIYAKOY           PASAKOY       1           37.95         627.3135  1653.0
30    210211  231111          PASAKOY               OSMANCA       1           35.28         730.2960  2070.0
31    211210  211222        KARTAL C-OTR-6        KARTAL C-OTR-6  2           33.89         152.5050   450.0
32    210010  210911          UMRANIYE              KBAKKALKOY    1           32.82         323.9334   987.0
33    214210  214810          214210                214810        1           32.15         797.3200  2480.0
34    214821  217221          214821                217221        1           31.99          79.9750   250.0
35    211522  219121          211522                COLAKOGLU400  1           31.48         211.5456   672.0
36    210510  214510          ADA2DGKC              BEYKOZ        1           31.31         648.1170  2070.0
37    211321  211821          211321                211821        1           30.72         110.5920   360.0
38    211211  214711          KARTAL                214711        1           30.50         631.3500  2070.0
39    211521  214321          211521                214321        1           30.25         101.6400   336.0
40    210222  211021          PASAKOY               BBAKKALKOY    1           29.98         100.7328   336.0
41    214811  214821     MAKINAOSB B-OTR-3     MAKINAOSB B-OTR-3  1           29.64          74.1000   250.0
42    214810  214821     MAKINAOSB A-OTR-1     MAKINAOSB A-OTR-1  1           29.52          73.8000   250.0
43    120311  214510          ALIBEYKOY             BEYKOZ        1           27.21         563.2470  2070.0
44    210722  216621          SELIMIYE              KADIKOY       1           26.79          66.9750   250.0
45    210210  210410          PASAKOY               ADA1DGKC      1           26.08         646.7840  2480.0
46    214322  216722          214322                216722        1           25.46          63.6500   250.0
47    211021  211122          BBAKKALKOY            SOGANLIK      1           22.71          56.7750   250.0
48    210321  214821          210321                214821        1           22.43          56.0750   250.0
49    210821  210921          GOZTEPE               KBAKKALKOY    1           21.75          54.3750   250.0
50    211210  215210          KARTAL                MALTEPEIST    1           21.24         209.6388   987.0
51    214322  214821          214322                214821        1           20.72          51.8000   250.0
52    212321  214822          212321                214822        1           20.59          51.4750   250.0
53    211221  211921          211221                KURTKOY       1           19.91          66.8976   336.0
54    211221  211921          211221                KURTKOY       2           19.91          66.8976   336.0
55    210010  210022     UMRANIYE A-OTR-11     UMRANIYE A-OTR-11  3           19.06          28.5900   150.0
56    210010  210022     UMRANIYE A-OTR-10     UMRANIYE A-OTR-10  2           19.06          28.5900   150.0
57    214821  216722          214821                216722        1           18.92          63.5712   336.0
58    210111  214810          210111                214810        1           18.28         453.3440  2480.0
59    210121  211921          210121                KURTKOY       1           18.14          60.9504   336.0
60    210111  290310          210111                290310        1           18.08         245.8880  1360.0
61    211321  211621          211321                211621        1           17.75          44.3750   250.0
62    120310  210010          ALIBEYKOY             UMRANIYE      1           17.59         364.1130  2070.0
63    210122  212122          210122                YARIMCA1      1           17.20          43.0000   250.0
64    212021  217621          DUDULLU               DUDULLUMETRO  1           16.78          60.4080   360.0
65    212621  216721          NUHCIMENTO            216721        1           16.19          40.4750   250.0
66    219110  290310          219110                290310        1           15.88         215.9680  1360.0
67    214822  216721          214822                216721        1           15.55          52.2480   336.0
68    210910  215211          KBAKKALKOY            MALTEPEIST    1           15.22         150.2214   987.0
69    210111  214710          210111                YENIDGKC      1           13.38         276.9660  2070.0
70    210922  211021          KBAKKALKOY            BBAKKALKOY    1           12.80          32.0000   250.0
71    210021  210922          UMRANIYE              KBAKKALKOY    1           12.34          44.4240   360.0
72    210022  217621          UMRANIYE              DUDULLUMETRO  1           11.88          42.7680   360.0
73    210022  214121          UMRANIYE              VANIKOY       1           11.37          28.4250   250.0
74    210822  216621          GOZTEPE               KADIKOY       1           11.22          28.0500   250.0
75    210122  212221          210122                SILE          1           10.66          26.6500   250.0
76    210921  216622          KBAKKALKOY            KADIKOY       1           10.41          37.4760   360.0
77    211021  211221          BBAKKALKOY            211221        1           10.12          25.3000   250.0
78    210921  211021          KBAKKALKOY            BBAKKALKOY    1            9.92          24.8000   250.0
79    214711  214810          214711                214810        1            9.81         243.2880  2480.0
80    210221  211022          PASAKOY               BBAKKALKOY    1            9.65          32.4240   336.0
81    211122  211221          SOGANLIK              211221        1            9.01          22.5250   250.0
82    210111  210211          210111                PASAKOY       1            8.96         185.4720  2070.0
83    210122  214022          210122                ISAKOY        1            8.70          21.7500   250.0
84    211222  211622          KARTAL                211622        1            6.54          23.5440   360.0
85    211321  211421          211321                211421        1            6.36          15.9000   250.0
86    210221  217522          PASAKOY               CUMHURIYET    1            5.87          10.2725   175.0
87    210221  217522          PASAKOY               CUMHURIYET    2            5.87          10.2725   175.0
88    211522  217221          211522                217221        1            5.63          14.0750   250.0
89    212221  214022          SILE                  ISAKOY        1            3.57           8.9250   250.0
90    210122  212021          210122                DUDULLU       2            3.47           8.6750   250.0
91    210122  212021          210122                DUDULLU       1            3.47           8.6750   250.0
92    214910  290310          DILERCELIK            290310        1            2.25          30.6000  1360.0
93    211622  211822          211622                211822        1            1.30           3.2500   250.0
----------------------------------------------------------------------------------------------------------

 Messages for api FDNS
 4 buses in island(s) without a swing bus--use activity TREE   (001741)



---------------------------------------------------------------------------------------------------------------------------------
Servis harici olmasi durumunda radyal baglanti nedeniyle inkitaya neden olan ariza: 210022 - 214121, UMRANIYE     - VANIKOY      (1 )
Inkitaya giden bara numaralari:
[214121, 214122]
--------------------------------------------------------------------------------------------------------------------------------------

------------------------------------------------------------------------------------------------------------------------------------------------------------------------------
N-1 DURUMU GÜÇ AKIÞI
    Kýsýt                                                  Ýzlenen Techizat                                                                                     
     Type From Bus  To Bus     From Name       To Name  ID         From Bus  To Bus         From Name           To Name  ID Power Flow(%) Power Flow(MVA)  RATEA
0    EIH:   211222  211621  KARTAL        211621        1            210110  210121  TEPEOREN A-OTR-2  TEPEOREN A-OTR-2  1          94.28         235.700  250.0
1    EIH:   211222  211621  KARTAL        211621        1            210110  210121  TEPEOREN A-OTR-1  TEPEOREN A-OTR-1  2          93.73         234.325  250.0
2   BANK:   210111  210122    TEPEOREN B    TEPEOREN B  1            210221  212021      PASAKOY           DUDULLU       1          93.39         336.204  360.0
3    EIH:   211522  214321  211522        214321        1            210110  210121  TEPEOREN A-OTR-2  TEPEOREN A-OTR-2  1          92.58         231.450  250.0
4    EIH:   211522  214321  211522        214321        1            210110  210121  TEPEOREN A-OTR-1  TEPEOREN A-OTR-1  2          92.04         230.100  250.0
5    EIH:   211421  211521  211421        211521        1            210110  210121  TEPEOREN A-OTR-2  TEPEOREN A-OTR-2  1          91.11         227.775  250.0
6   BANK:   210110  210121    TEPEOREN A    TEPEOREN A  2            210211  210222   PASAKOY B-OTR-3   PASAKOY B-OTR-3  2          91.06         227.650  250.0
7    EIH:   210111  290310  210111        290310        1            210110  210121  TEPEOREN A-OTR-2  TEPEOREN A-OTR-2  1          90.91         227.275  250.0
8   BANK:   210110  210121    TEPEOREN A    TEPEOREN A  2            211421  211521      211421            211521        1          90.59         226.475  250.0
9    EIH:   211421  211521  211421        211521        1            210110  210121  TEPEOREN A-OTR-1  TEPEOREN A-OTR-1  2          90.58         226.450  250.0
10   EIH:   210111  290310  210111        290310        1            210110  210121  TEPEOREN A-OTR-1  TEPEOREN A-OTR-1  2          90.38         225.950  250.0
11  BANK:   210210  210221     PASAKOY A     PASAKOY A  2            210211  210221   PASAKOY B-OTR-4   PASAKOY B-OTR-4  1          90.29         135.435  150.0
------------------------------------------------------------------------------------------------------------------------------------------------------------------------------
